
[PARAMETERS]
WIDTH=512.000000
HEIGHT=512.000000
MARGIN=20
SCALE_FACTOR=0.589864
MAX_SIZE=1600
X_OFFSET=164.408147
Z_OFFSET=151.773851
DRAWING_SIZE=10
